89 0.6881103515625 0.358642578125 0.010009765625 0.02392578125
89 0.402099609375 0.3607177734375 0.03076171875 0.069091796875
303 0.601318359375 0.322998046875 0.00537109375 0.01025390625
89 0.0045166015625 0.39208984375 0.009033203125 0.05615234375
167 0.40234375 0.3505859375 0.02099609375 0.03955078125
113 0.6884765625 0.355712890625 0.0078125 0.013671875
89 0.6724853515625 0.3646240234375 0.007080078125 0.012939453125
241 0.5126953125 0.368896484375 0.0224609375 0.04052734375
89 0.710693359375 0.3511962890625 0.01123046875 0.029052734375
136 0.7113037109375 0.347412109375 0.008544921875 0.0166015625
